7.765030714620467789e-01 1.661906919628061696e-01 1.383117015316226439e-02 4.347506642198484261e-02
5.839941287540354464e-01 1.591981411980935013e-01 9.569118845013713237e-02 1.611165415977339199e-01
5.324142509235670895e-01 4.969912878997395644e-02 3.074853659675309547e-01 1.104012543189279993e-01
2.695043287790440667e-01 4.457661383073232564e-01 2.030407812503827181e-01 8.168875166324995885e-02
3.788937057429339061e-01 3.177016875885455560e-01 1.568470778988222958e-01 1.465575287696982976e-01
1.766255009981498869e-01 5.060425129282880574e-01 2.493138686810265070e-01 6.801811739253560418e-02
3.270431151001355619e-01 5.180960815001356412e-02 5.094610980324960625e-01 1.116861787173548670e-01
6.089178075575408799e-01 2.982694706142647312e-01 7.831398056109406536e-02 1.449874126710037903e-02
6.670764211829337542e-01 6.410714248910977242e-02 1.403693277577605647e-01 1.284471085701959225e-01
1.088295490493409734e-01 1.032078043429460884e-01 6.753826183463739197e-01 1.125800282613389491e-01
1.964117918373328164e-01 7.047051221056803705e-01 6.217551366513063282e-02 3.670757239185618026e-02
9.560506998010398494e-02 2.232342771426032435e-02 6.948512524069172525e-01 1.872202498987184383e-01
2.074700954363873362e-01 4.966960362269613460e-01 2.253771722035976532e-01 7.045669613305360901e-02
2.143065069212206630e-01 4.254410427100863146e-01 3.261049517779395224e-01 3.414749859075350003e-02
2.681816964905752165e-01 3.172616469267067196e-01 4.044697301104623888e-01 1.008692647225573058e-02
2.747122698741114588e-01 1.991042170865119365e-01 5.144755847286894834e-01 1.170792831068712125e-02
1.050405722493971128e-01 6.404641105963978509e-01 2.468992852162691098e-01 7.596031937935898704e-03
1.641818086376184427e-02 7.452155529341688567e-01 2.276513357151737083e-01 1.071493048689564631e-02
7.741132610840568695e-01 9.033451676304660172e-02 1.267348928590614765e-01 8.817329293835052262e-03
7.845190682875163857e-01 1.886762165801891822e-01 1.464300683738523068e-02 1.216170829490925698e-02
6.965025299921639990e-01 8.125965037747379105e-02 1.858912606998365802e-01 3.634655893052562980e-02
5.794765489364991362e-01 2.210688410256301528e-01 1.904327461347495587e-01 9.021863903121096762e-03
1.218423104441941351e-01 5.018082006509133608e-01 3.664647508950923949e-01 9.884738009800164704e-03
1.397920797018231132e-01 5.147375623011674062e-01 1.965599782079439084e-01 1.489103797890656278e-01
6.313775932448075778e-01 1.165555178959848392e-02 2.795441559890357031e-01 7.742269897655829070e-02
1.778069557897781761e-01 7.612811492189275331e-01 2.265509229811185632e-02 3.825680269318243454e-02
4.506741928781909934e-02 7.952532428126188879e-01 8.379126996905728042e-02 7.588806793050473232e-02
9.252680669961650395e-01 3.263248694374165648e-03 4.889792521043379026e-02 2.257075909902694910e-02
7.903420487989926135e-01 9.524933115024852848e-02 6.268509700787910921e-02 5.172352304287963776e-02
2.280266943235255139e-01 6.728183382056196482e-01 7.347092725530057766e-02 2.568404021555426020e-02
2.397604085618865732e-01 3.682493712913437189e-02 5.883506739308573819e-01 1.350639803781217285e-01
5.783326580820631335e-01 3.449833152126707825e-02 3.468117579931865313e-01 4.035725240348331244e-02
4.261472978598471184e-01 8.075903441492304768e-02 4.746994409722889996e-01 1.839422675294077880e-02
2.855480893133217624e-01 5.870724979776842378e-02 5.737669011916000095e-01 8.197775969730980439e-02
1.546133108429853520e-02 2.185781552069016587e-01 6.522718887770593277e-01 1.136886249317404785e-01
3.203048356801296848e-03 7.808386532863506035e-01 1.174465096952488352e-01 9.851178866159926439e-02
3.321268869020047032e-02 9.371397703013650826e-03 8.663848527802295862e-01 9.103106082655632036e-02
6.427847338550007894e-03 3.431915685719488796e-02 9.262427982657004399e-01 3.301019753855460870e-02
8.073787686821132237e-01 6.524316320346335019e-02 8.834595241133064158e-02 3.903211570309284006e-02
2.121617279418696322e-01 7.251269169276679527e-01 5.348766993855436080e-02 9.223685191908082004e-03
6.228108455626018003e-01 6.231231716289031830e-02 3.066328354612102847e-01 8.244001813297652248e-03
7.885701105449638426e-02 4.121418169504549311e-01 4.987703324385163173e-01 1.023083955653236732e-02
3.957439461097227995e-01 7.661686582163013126e-02 5.207731849666602519e-01 6.866003101986817292e-03
9.604418098938585779e-02 6.421718748718814318e-01 2.535618138364760799e-01 8.222130302256713819e-03
1.112732896277462621e-02 1.252249439290541722e-01 7.646558320556408050e-01 9.899189505253036536e-02
8.266046952046597340e-01 1.654209918464423501e-01 7.756531930341148406e-03 2.177810185568507251e-04
6.865543240897895583e-01 6.981632797789122380e-02 2.316676705862062424e-01 1.196167734611308653e-02
5.971680218589179301e-01 9.815503983725670789e-02 2.044640060752987987e-01 1.002129322285265633e-01
2.065476004409221855e-01 1.880515338853818441e-01 4.526470966513564953e-01 1.527537690223395028e-01
3.332330431611617017e-01 3.244077584929481173e-01 1.491267849494444242e-01 1.932324133964458124e-01
3.295381799188423222e-01 3.520549406681648397e-01 2.470400313134414882e-01 7.136684809955129438e-02
3.731448197675772405e-01 1.902146034878544056e-01 3.308845085464769964e-01 1.057560681980913575e-01
1.953474961256675968e-01 4.417726791698783906e-01 1.523073699177813489e-01 2.105724547866726359e-01
2.270654652195433776e-01 6.603705574141693901e-02 6.633434747525402964e-01 4.355400428649935929e-02
1.668637109533464002e-01 4.431210994481071808e-03 7.387882958610232365e-01 8.991678219114929149e-02
1.294156972960178176e-01 1.068398307527653746e-01 6.433986318064697230e-01 1.203458401447470294e-01
4.194939692537903719e-02 2.389913658425357745e-01 6.540902902369678529e-01 6.496894699511734927e-02
6.482265544364350651e-01 1.783622513875837701e-02 2.368612246966985690e-01 9.707599572810798882e-02
4.420969286153288991e-01 2.551320700894778026e-01 1.946293514129601165e-01 1.081416498822331818e-01
2.998343984865382561e-01 2.385385700892104777e-01 3.942872024941362907e-01 6.733982893011491999e-02
3.407678715163117711e-01 3.130191066130029731e-01 3.004672611295840512e-01 4.574576074110114909e-02
4.027686549541326100e-01 1.596923904026730789e-01 3.353348357571851457e-01 1.022041188860091099e-01
9.037924937360986011e-02 3.479523419055002287e-01 5.545354754003077868e-01 7.132933320582068859e-03
1.782236190043595681e-02 6.147806245019700189e-01 3.554339193942049890e-01 1.196309420338903529e-02
1.119127321633395233e-01 6.184459680066107801e-01 2.581877656513619779e-01 1.145353417868766321e-02
1.443691564984457831e-01 2.181197410842046214e-01 6.252495356842872054e-01 1.226156673306233458e-02
5.995555119001927391e-01 1.584789287599075447e-02 3.723350284907542274e-01 1.226156673306233458e-02
1.028862098859953667e-01 4.805099250546907563e-01 4.054765360965392196e-01 1.112732896277468519e-02
4.286080789375732447e-01 1.695142543121679335e-01 3.913515673169026821e-01 1.052609943335613973e-02
4.889468960019754951e-01 2.149244805284779014e-01 2.007884320919435250e-01 9.534019137760307849e-02
5.670088416245232521e-01 2.817236366785902391e-02 3.191843875699630906e-01 8.563440713765468892e-02
3.575856868038468361e-01 4.910160362677538082e-01 2.555259360525380385e-02 1.258456833231456073e-01
2.813246401784132988e-01 4.384986813085652302e-01 1.307424931862466444e-01 1.494341853267748821e-01
2.457757257949829688e-01 1.707139553715184555e-01 4.104826823575913330e-01 1.730276364759072427e-01
4.235747394524468912e-01 1.071333050975498136e-01 3.625751758313445761e-01 1.067167796186586637e-01
4.167902634033528453e-01 7.116447229634856320e-02 4.256693772676324317e-01 8.637588703266618761e-02
3.346933001642163896e-01 5.810063400397091904e-01 6.262930963063950696e-02 2.167105016543491303e-02
5.406807686071449792e-01 9.166461609334530802e-02 1.909059001925785259e-01 1.767487151069311313e-01
2.345396193918801997e-01 1.183556540890487591e-01 1.322545729095475076e-01 5.148501536095235753e-01
6.718233104796993427e-01 1.970337779407203005e-01 1.445406189008979769e-02 1.166888496894905591e-01
3.209965485781401950e-02 3.160312262479454959e-01 5.385832424475732738e-01 1.132858764466672108e-01
3.931183794325731062e-01 4.383439852365466072e-01 1.002254041668409756e-01 6.831223116403928319e-02
1.750704383617317506e-01 3.850659875517676856e-01 3.560945061534603329e-01 8.376906793304028653e-02
3.051855216556745853e-01 2.547045489563868337e-01 3.254508336390471435e-01 1.146590957488914375e-01
4.122879632095508007e-01 3.455032560063752700e-01 2.019167113222645193e-01 4.029206946180940996e-02
3.218621877072966320e-01 1.226099158086186303e-01 5.134159121972293738e-01 4.211198428685536399e-02
6.402251722001559564e-01 3.406532144947999607e-01 8.485820764302931529e-03 1.063579254074109581e-02
6.468392315382259783e-02 2.400672087800838350e-01 6.843245134162329046e-01 1.092435464986063476e-02
6.479549641810344873e-01 2.090671611030450183e-01 1.332269800140444271e-01 9.750894701876067217e-03
3.253309331514044889e-01 6.670011244790980953e-01 4.757263603059058710e-03 2.910678766438357101e-03
1.292622996364377608e-01 2.969500915705259869e-01 5.636923406056083552e-01 1.009526818742789711e-02
2.578514140141295319e-01 3.107720131499215888e-01 4.250507682047250935e-01 6.325804631223785890e-03
3.887166485723347331e-01 1.578998889329336630e-01 3.365732153285173611e-01 1.168102471662142428e-01
2.181092023866813001e-01 6.287842370309919549e-01 6.761558291216462901e-02 8.549097767016211602e-02
1.087708053150587550e-01 7.052430603741132176e-01 7.352694278368165914e-02 1.124591915271463405e-01
1.263368547911358775e-01 7.781484919163643710e-01 2.072969735947211012e-02 7.478495593302758593e-02
6.995583936119135204e-01 1.012631042365517431e-01 4.461230862709657241e-02 1.545661935244382335e-01
1.204586445676603113e-01 7.778088829882818800e-01 7.577316070279138671e-02 2.595931174126642205e-02
1.563102833975967831e-01 6.446642389846752863e-01 6.521092009359341635e-02 1.338145575241345142e-01
1.851519486026152461e-01 5.656042801196503600e-01 1.857084192387812305e-01 6.353535203895321892e-02
1.370103145342107531e-01 4.704796046865545867e-01 2.724487081113313169e-01 1.200613726679033988e-01
4.053669598707200228e-01 2.203811866035021438e-04 4.862007548941413293e-01 1.082119040485352013e-01
7.768862615154689677e-02 3.116127864693939431e-01 5.196220633262604860e-01 9.107652405279864638e-02
1.993642714244420189e-02 2.336077156300313540e-01 5.684290413689218058e-01 1.780268158586026939e-01
7.276139926561500104e-01 4.561436414815811524e-02 1.437182082643786163e-01 8.305343493131323029e-02
8.321377923597287340e-01 3.732843446372813290e-02 6.387303992496373706e-02 6.666073325157939600e-02
3.113799743211134730e-02 4.718584780373846765e-03 9.098870419058093795e-01 5.425637588170539871e-02
9.832519238712311704e-03 4.277287029261039875e-02 8.813973210370233957e-01 6.599728943165383832e-02
1.779847153213849342e-01 7.002541295888098372e-01 1.351171908858750381e-02 1.082494360012177248e-01
2.611554469140303647e-01 5.756170906140978261e-02 6.459092265045374148e-01 3.537361752002243787e-02
3.687448117133900194e-01 1.440963651604756923e-02 5.904997023101961062e-01 2.634584946036633291e-02
2.002535959855598902e-02 4.757622143841967466e-01 4.965053222735206218e-01 7.707103743726628764e-03
3.558942517726899624e-01 6.269516986113827794e-01 9.446945872200337990e-03 7.707103743726961831e-03
2.111713695284661574e-01 7.602290881872181272e-01 2.031878989596064278e-02 8.280752388355017146e-03
5.340124040159302532e-02 3.756283623332945520e-02 8.997492132184313762e-01 9.286710146646171005e-03
5.289838723277598409e-02 7.972977033836573524e-01 5.916194258679460805e-02 9.064196679677205548e-02
7.466747246149252337e-01 1.107473613155156300e-01 7.554079287866205528e-02 6.703712119089710875e-02
6.067066513968102370e-01 8.309333990660305869e-02 2.264856801849584600e-01 8.371432851162818878e-02
4.433392548755345497e-01 1.562137894871968302e-01 2.429012144870875134e-01 1.575457411501810512e-01
1.523532201675026343e-01 2.927790376155108287e-01 4.332816755534371067e-01 1.215860666635494303e-01
2.218853174871273648e-01 1.587799239242337901e-01 5.145493880545990439e-01 1.047853705340398012e-01
5.899500078908894718e-01 1.016857833342500461e-01 1.451278980310502786e-01 1.632363107438101757e-01
1.792893003250242145e-01 7.006741058272863976e-02 6.280673687930781179e-01 1.225759202991689722e-01
8.284164268640071827e-01 4.232800105226663945e-02 9.536983166395082701e-02 3.388574041977532314e-02
4.108276796454402024e-02 7.990692572764324098e-02 8.309039544621875661e-01 4.810635184562517264e-02
7.943212627564331108e-01 1.514978812456887758e-01 5.775001460982143175e-03 4.840585453689594253e-02
1.691658160380506426e-01 6.203532970644809463e-02 6.805167530748799098e-01 8.828210118062140843e-02
1.874258416023580898e-01 6.205084366617215075e-01 7.382752616147358893e-02 1.182381955744468138e-01
4.866964938884893455e-01 1.206698059685631930e-01 2.591073281447368037e-01 1.335263719982106023e-01
2.801534820442814766e-01 3.703805382548365777e-01 2.407527204287382983e-01 1.087132592721435920e-01
4.751707747336380572e-01 2.875747827285154434e-01 1.866570188258575569e-01 5.059742371198883149e-02
5.965448250814794351e-01 1.899687762735447483e-01 1.493233749034301727e-01 6.416302374154558841e-02
2.629313861107629435e-02 2.703762897426574829e-01 6.397282714777872137e-01 6.360230016847900902e-02
2.281467960139184070e-01 1.955292904725339231e-02 7.519668155404015675e-01 3.334593984266609468e-04
1.209672386247445941e-01 1.438477240133930191e-01 7.245543836283483419e-01 1.063065373351401721e-02
1.235011742209457530e-02 2.479780506338948864e-01 7.303565095144406438e-01 9.315322429569894425e-03
8.918159377551843070e-02 6.272072022386686596e-01 2.715476309296523949e-01 1.206357305616057030e-02
6.812050754851896039e-01 1.051861507927788764e-01 2.070426761926800197e-01 6.566097529351555551e-03
1.992783196898390563e-01 3.585792442072235353e-01 3.513888918102187064e-01 9.075354429271864642e-02
4.365681659767015055e-01 9.751228349144450136e-02 3.596785488641755513e-01 1.062410016676784696e-01
3.005308557260725350e-02 3.300920724116783167e-01 5.580430935474713916e-01 8.181174846824301738e-02
7.471991842094152791e-02 8.644371370255686526e-02 3.057264800270543814e-01 5.331098878494472393e-01
6.389294668380057773e-01 1.049575115262213476e-01 8.696646284300868501e-02 1.691465587927641900e-01
2.130258369987238498e-01 4.983120003858435565e-01 1.552372917146397913e-01 1.334248709007928024e-01
6.682307398867137760e-02 2.040824239340787161e-01 5.227839398255507142e-01 2.063105622516991922e-01
4.131509331427912768e-01 4.518373333396806801e-01 6.304722580148613975e-02 7.196450771604190333e-02
3.648257939660587978e-01 1.365866602553940934e-01 3.899299704639460629e-01 1.086575753146010737e-01
3.934898435876413858e-01 1.440388447215663614e-01 3.556976940655538488e-01 1.067736176252384039e-01
4.192210159698195326e-01 3.584778567408809513e-01 1.436686600461459240e-01 7.863246724315353653e-02
3.416318356046290639e-01 5.045437426773597966e-01 3.904711527338644572e-02 1.147773064446246938e-01
6.253406517113469648e-03 3.898405339656316748e-01 4.661937488695898635e-01 1.377123106476649816e-01
3.507938844961926428e-01 4.878670204213392259e-02 4.921376722481655697e-01 1.082817412135078650e-01
1.451598743889983556e-01 4.411848789328124409e-01 2.816793183305193460e-01 1.319759283476698020e-01
4.566735338944166167e-01 8.864527498214591628e-02 3.692255102326538752e-01 8.545568089078359186e-02
5.193762329673004552e-02 4.399602517756272535e-01 4.896441710736151309e-01 1.845795385402759781e-02
4.401326283121422822e-01 4.950821448322441087e-01 4.084218792714355839e-02 2.394303892847005066e-02
4.794166098913821283e-02 3.354142826321571125e-01 5.464409778660532790e-01 7.020307851265139565e-02
2.275977801235323783e-01 5.295431173689653104e-01 2.335437800779320838e-01 9.315322429570227492e-03
5.535903550490479663e-01 3.446281743257994523e-01 9.246614819558240939e-02 9.315322429570116469e-03
1.135291786258429969e-02 4.399362708509303999e-01 5.395593036219081817e-01 9.151507664577174239e-03
7.009812703363955677e-01 1.650192436273512087e-01 1.230586651869881587e-01 1.094082084926506493e-02
2.142090223906378821e-01 3.616659592032557269e-01 3.536532673138369498e-01 7.047175109226944123e-02
1.175666738650353871e-01 4.622318921424762861e-01 2.976907187174509528e-01 1.225107152750373185e-01
3.216886222920395388e-01 5.604564600791123175e-01 3.183740110578775484e-02 8.601751652306033336e-02
2.029843530027269916e-01 6.414051453880958986e-01 5.330169241088220100e-02 1.023088091982948811e-01
9.225242356381024855e-02 6.378266275404920194e-01 7.476543477259806059e-02 1.951555141230996160e-01
2.170903327993369825e-01 6.394418821760831928e-02 6.429323126106378794e-01 7.603316637241674947e-02
2.960206101284229563e-02 5.795281409428467700e-01 2.743280102450936786e-01 1.165417877992173112e-01
3.764144361169785569e-02 3.093084667086271611e-01 5.345607726910047708e-01 1.184893169886702680e-01
1.415952582262428594e-01 2.946820277088503248e-01 2.720073550870611978e-01 2.917153589778456180e-01
2.516912878187308467e-01 3.957673335725944153e-01 2.327634030438540391e-01 1.197779755648207267e-01
4.444096780405754066e-01 2.420987607970793709e-01 2.358271772580000092e-01 7.766438390434515782e-02
1.556391611097662775e-01 1.481013401362492599e-01 5.834594765884740797e-01 1.128000221655103275e-01
1.933866510210665579e-01 4.093000894966275505e-02 5.854039613616550675e-01 1.802793786676155641e-01
2.074412750196656940e-01 6.985504666848825206e-01 4.349736861529918119e-02 5.051088968015260416e-02
7.504511292993737426e-02 1.181912439516791674e-01 6.983590176773529778e-01 1.084046254410304666e-01
1.482333580906214365e-03 7.543381788218197492e-01 1.547970849501141277e-01 8.938240264715990868e-02
6.863095240327430346e-01 7.832856747592623070e-02 1.746044822843770827e-01 6.075742620695367968e-02
5.930513517352896669e-01 1.987922904675158420e-01 1.537819281138443905e-01 5.437442968335015614e-02
5.234925127005969347e-01 2.707721968021666314e-01 1.084435179963657570e-01 9.729177250087073237e-02
4.060480136539632579e-01 3.561899619023718433e-01 1.779217879816621939e-01 5.984023646200276048e-02
3.297510634403818530e-01 5.106820854668369103e-01 1.505211730354227839e-01 9.045678057358452762e-03
1.537680178786708929e-01 6.588386315434279217e-01 1.757155155666069724e-01 1.167783501129426860e-02
8.119728264436144871e-02 7.025282133057235701e-01 2.053336832006502632e-01 1.094082084926473186e-02
8.930843426687555819e-01 6.885982454552586063e-02 3.093568918390933453e-02 7.120143601809236777e-03
6.884550427177060783e-03 8.119680096458308238e-01 9.021992359715330645e-02 9.092751632983886445e-02
5.713418283240905282e-01 2.697210662272288006e-01 1.245177003837349416e-01 3.441940506494578500e-02
8.874509009786776814e-02 5.437555908396700666e-01 2.138216534707380045e-01 1.536776655917241330e-01
5.133640270870230005e-01 3.220013156724350067e-01 1.503395021403881038e-01 1.429515510015377799e-02
3.414773631213885441e-01 5.595423123079158456e-01 1.931144000882889511e-02 7.966888456186671519e-02
6.436128275744912308e-01 2.334951515332163163e-01 1.471080226067839059e-02 1.081812186316140068e-01
1.689081717148821493e-01 7.343145982439854835e-01 2.964212120838932707e-02 6.713510883274298457e-02
6.462524868079311258e-02 5.105959870473081308e-02 8.380612115730734502e-01 4.625394104140267970e-02
4.395838283091764442e-03 8.453182366854996577e-01 9.340116951777721610e-02 5.688475551363136873e-02
7.600524241641385403e-01 5.087495950304725401e-02 1.125042069406747003e-01 7.656840939213949149e-02
7.997768384061968439e-01 8.098583054096233913e-03 8.875312696940651502e-02 1.033714515703003656e-01
1.246596906019681317e-01 7.080193206084652857e-01 1.171533328158984588e-01 5.016765597366812379e-02
3.499026739574258027e-01 4.534447959556408003e-01 1.440242349158588064e-01 5.262829517107459054e-02
2.497548308058208932e-02 4.178916583992372535e-01 4.526586591207245047e-01 1.044741993994562357e-01
5.143754196313913285e-01 3.083666079282021411e-02 3.891217258433339321e-01 6.566619373245452529e-02
5.153509549746155827e-01 2.714445244333051344e-01 1.204169939845053383e-01 9.278752660757394466e-02
6.698984115056627608e-01 1.976767100189772419e-01 6.789788140846320097e-02 6.452699706689679626e-02
8.252334075368276123e-01 2.447138227639944486e-02 8.988619192271354863e-02 6.040901826405942199e-02
8.649925536394489356e-01 7.892682170413228837e-02 1.831056619215168380e-02 3.777005846426706448e-02
9.377520763379221247e-03 8.525790483647307516e-01 1.088912634013088354e-01 2.915216747058124724e-02
1.525609190742286403e-01 7.099002359686706898e-01 1.275743660908165711e-01 9.964478866284043335e-03
3.162983943942105358e-01 5.468214552121806182e-01 9.623173182195265962e-02 4.064841857165613082e-02
3.528593872888762806e-01 4.257587750766965717e-01 2.117264029324161800e-01 9.655434702011023163e-03
5.706104101547176954e-01 2.080210153184808564e-01 1.741753566480242488e-01 4.719321787877728269e-02
1.194751765085193540e-01 7.070727523208747423e-01 1.008998758759051539e-01 7.255219529470080531e-02
7.395520611109029918e-01 1.544720529577725543e-01 4.628748623287914921e-02 5.968839969844530469e-02
7.585261062004613475e-01 8.531117157306505883e-02 8.118693636614612852e-02 7.497578586032749293e-02
1.095670009434350223e-01 6.756372898795575122e-01 9.346375296925052423e-02 1.213319562077568303e-01
2.151317601710831251e-01 2.648992377267428422e-02 6.834984809333096711e-01 7.487983512293294730e-02
5.658129626483598962e-01 2.171479951236142958e-01 7.290646233218628369e-02 1.441325798958394966e-01
1.656509470679898843e-01 2.497345688754360471e-01 4.966779434186728848e-01 8.793654063790112829e-02
2.096060437315862002e-01 2.885275785134012727e-01 3.909591221039585562e-01 1.109072556510539709e-01
3.188316261504717253e-01 3.429771653071179149e-01 1.918311010134835515e-01 1.463601075289268083e-01
2.439330715338155764e-01 4.815567517041816625e-01 1.288528095986934130e-01 1.456573671633093481e-01
2.071806445939721741e-01 5.042640098355577472e-01 1.562840759625834242e-01 1.322712696078867101e-01
2.008739203637168180e-01 5.968915089298595378e-01 8.433942839744806852e-02 1.178951423089755757e-01
1.083696603307566231e-01 5.838631317038107671e-01 1.914805001276223551e-01 1.162867078378102548e-01
5.117918721870609033e-01 1.367668980977106430e-01 2.006227647211665521e-01 1.508184649940619293e-01
2.742534522201648395e-01 1.679099790506805023e-02 6.686683157757701279e-01 4.028723409899703789e-02
5.506078614008987904e-01 3.205677736207934725e-02 3.328370972528011396e-01 8.449826398422066731e-02
1.739567378929443575e-01 3.707385777875335520e-01 3.533746199703665658e-01 1.019300643491555247e-01
3.787258875844688455e-01 3.542957570761432473e-01 1.983992567328171086e-01 6.857909860657074308e-02
1.720200474129239820e-01 4.209886835352626422e-01 3.981648297601112496e-01 8.826439291702126155e-03
5.740186951451593522e-01 3.886824754632389745e-01 1.432565283817310853e-02 2.297317655342856479e-02
4.408514546618691465e-01 5.410434698158406164e-01 7.365927345618861199e-03 1.073914817667143140e-02
2.249599587581819493e-01 4.286930409650905882e-01 3.313945691766150281e-01 1.495243110011246213e-02
3.719701095933680701e-02 4.315417985422729252e-01 4.483699233919446470e-01 8.289126710644567630e-02
4.851379202406826963e-01 4.779428420679471823e-01 2.734632614314025378e-02 9.572911548229812162e-03
3.579009625184231824e-01 4.554328177509416875e-01 1.359254548606267932e-01 5.074076487000833691e-02
3.132247070508295539e-01 4.498970967496285223e-01 1.717160414701022209e-01 6.516215472943964748e-02
1.017072152636236959e-01 4.667684406827709021e-01 3.275894294608485691e-01 1.039349145927568330e-01
3.715629657677594899e-01 1.474359582010629777e-01 2.992269543170447132e-01 1.817741217141328747e-01
4.244243290821958503e-02 4.564480874207217931e-01 3.699387197477955747e-01 1.311707599232629917e-01
4.699274178823972803e-01 1.619052122899700130e-02 3.817000909692246369e-01 1.321819699193811370e-01
2.511256233630400625e-01 2.384406766101437036e-01 4.004187967619470823e-01 1.100149032648691794e-01
2.186428880243731221e-01 4.735468904612424312e-01 1.289652353117051731e-01 1.788449862026793014e-01
3.730024432534823631e-01 4.425594958878421026e-01 6.668249717571933521e-02 1.177555636829561436e-01
4.086368404152792011e-01 4.779091478726141262e-02 4.597095925992505383e-01 8.386265219820887573e-02
5.423138570972365624e-01 9.220470750329434750e-02 3.423523649612842945e-01 2.312907043818479558e-02
8.359388008097867750e-02 2.432486598322985694e-01 5.673056118154111704e-01 1.058518482713115549e-01
2.866051451432644614e-01 2.009102751959734867e-02 5.707330729663306901e-01 1.225707543708074443e-01
2.996274702995198602e-01 1.948672421446720482e-02 5.956055989222299729e-01 8.528020656378298980e-02
5.995720015907585188e-01 7.519207708633679488e-03 3.155959423809611142e-01 7.731284831964668758e-02
1.113089589224002807e-01 2.315876289569495095e-01 5.321133553961281404e-01 1.249900567245221250e-01
3.205605511785339923e-01 3.363910395567223932e-01 2.188500785934979209e-01 1.241983306712457491e-01
4.055186241701590477e-01 2.958018142126852545e-01 2.875838250981183064e-01 1.109573651903739133e-02
7.103430569147373141e-02 5.590202123299246040e-01 3.120948428401109642e-01 5.785063913849075590e-02
2.156019283145649279e-01 7.153362482748120144e-01 5.832267523395170961e-02 1.073914817667132038e-02
7.985935786149592763e-01 1.173645774453718760e-01 7.539627972329306094e-02 8.645564216375745126e-03
2.279678069212143221e-02 2.214698971841869701e-01 7.487165858683454411e-01 7.016736255346156526e-03
1.294830378111742619e-01 2.589267421695030658e-01 4.950219286863248302e-01 1.165682913329978421e-01
2.503784184461814166e-01 4.925472510324215847e-01 2.447573995903608579e-01 1.231693093103602976e-02
1.841796253289538221e-01 3.938904034808876076e-01 3.570156331951062079e-01 6.491433799505230695e-02
1.880986443251916884e-01 3.289431272761895175e-01 4.285226381133368512e-01 5.443559028528199839e-02
1.378229083007592726e-01 2.602638369158457587e-01 5.101638664766553477e-01 9.174938830673962098e-02
2.693903825685571851e-01 1.191922850118448812e-01 1.037879029568675171e-01 5.076294294627303749e-01
7.301788846041524783e-01 1.864939304997665359e-01 5.436968007471368325e-02 2.895750482136738579e-02
5.194972917521878397e-02 7.421376532262932146e-01 7.147156896703865669e-02 1.344410486314493447e-01
7.557545964502967450e-01 9.466379899767285444e-03 3.949006795910586787e-02 1.952889556908301572e-01
1.116747294099929011e-02 7.039185695887139049e-01 1.296328905746892413e-01 1.552810668955975082e-01
7.130625866914717115e-01 1.372378697274486692e-01 1.231703725744121014e-01 2.652917100666751793e-02
2.114495813553414205e-01 4.058088796802447051e-01 2.137558330058390577e-01 1.689857059585748722e-01
3.172172305118302615e-01 3.451837160461451726e-02 5.083685912572967203e-01 1.398958066262585564e-01
5.532726892172717958e-02 4.010351348381220316e-01 4.553409776608761117e-01 8.829661857927462165e-02
1.675372331210794874e-02 3.549019373909284569e-01 4.908456745156468681e-01 1.374986647813167817e-01
4.331610402166630180e-02 1.686400933338180197e-01 7.122444592182567424e-01 7.579934342625893606e-02
7.118579445301667086e-01 9.542032642302789025e-02 1.003714459069217357e-01 9.235028313988369320e-02
8.886149394074299712e-01 1.002146716952700967e-03 7.671631813384452436e-02 3.366659574177288672e-02
5.496968565077588187e-02 8.645250487399788186e-01 6.538963371847528183e-02 1.511563189077003155e-02
1.382843330770684998e-01 4.229785642916603083e-01 3.638121445072211024e-01 7.492495812405008948e-02
6.034622914308023639e-02 6.257128796513868052e-02 8.036315635801943857e-02 7.967193265337616515e-01
5.394266788472530383e-01 3.796870296438807912e-01 7.008766798942028808e-02 1.079862351944593790e-02
1.752352365326437234e-02 6.758708330486355997e-01 2.986753786375275221e-01 7.930264660572561297e-03
7.942701624681989259e-01 1.007100989017052362e-01 4.524278067600753794e-02 5.977695795408832780e-02
8.475502997725918863e-01 9.457212637255787979e-02 2.615719316277109741e-02 3.172038069207916422e-02
2.789156223202089724e-03 9.145006768891702498e-01 7.907340489832714869e-02 3.636761989300518749e-03
4.905941079382414305e-03 7.610006649482969898e-03 8.424753455035000060e-01 1.450087067676346653e-01
1.127488601985935091e-01 7.957106817924046727e-01 1.326932432477867518e-02 7.827113368422311535e-02
1.514802562912549999e-01 7.401796656403063501e-01 3.150135538973020122e-02 7.683872267870850425e-02
5.403186056401676485e-02 3.114144284978160315e-01 5.733868631006637795e-01 6.116684783750336862e-02
3.648539352854168749e-01 5.572926019049856405e-01 9.451670865455730208e-03 6.840179194414175434e-02
4.415006891387617260e-01 3.774998506734535408e-01 7.027829186001166573e-02 1.107211683277730119e-01
1.845319420887289175e-01 1.686123942840728751e-01 5.208758538497164636e-01 1.259798097774817993e-01
5.936520172726359457e-01 1.958760116360522829e-01 9.147446910977297119e-02 1.189975019815388002e-01
1.162183933009028058e-01 8.111224413816322532e-01 6.669083216770926859e-02 5.968333149755755684e-03
1.804400719111031448e-01 7.742382215175008797e-02 1.341817788692522828e-01 6.079543270678944289e-01
5.517994828720140799e-02 8.292400513916882154e-01 8.801030359163619643e-02 2.756969672947418015e-02
7.146691667255447022e-01 1.173353732456926535e-01 1.063228209680489034e-01 6.167263906071374091e-02
1.955487549643193379e-01 1.258889110235577868e-01 5.654640347612817086e-01 1.130982992508411389e-01
2.312895904320170781e-01 4.999512239254165769e-01 1.868265568803907928e-01 8.193262876217555224e-02
3.099606315406340240e-01 4.483141652885456740e-01 1.848555333052380734e-01 5.686966986558228410e-02
3.231340632255244039e-01 2.365194625760301539e-01 3.560728979059342714e-01 8.427357629251108762e-02
3.646569312468668222e-01 5.391386087541208960e-01 3.417538853142754185e-02 6.202907146758473989e-02
3.907274289263434897e-02 8.767095961794604264e-01 5.196169078921542006e-02 3.225597013868986007e-02
6.622190695591659848e-01 9.175032531213112019e-02 2.346118603221696297e-01 1.141874480653326529e-02
3.137625967363182888e-01 2.408810430752295062e-02 6.428384551618185894e-01 1.931084379434011566e-02
5.098000613379305435e-01 3.241650731695226439e-01 1.291871888012187108e-01 3.684767669132804624e-02
4.767471305818333782e-01 2.977475249806575963e-01 1.960469224456702353e-01 2.945842199183879018e-02
3.291446249135162594e-01 3.478021629099082856e-01 2.748704618177851833e-01 4.818275035879027168e-02
3.112393623086032179e-01 3.858079802539007286e-01 2.357535090780396025e-01 6.719914835945650644e-02
1.579370298630497493e-01 3.460777404167202365e-01 4.080583638893208187e-01 8.792686583090925101e-02
1.062910315620282375e-01 3.085848131052364440e-01 5.155829597739568504e-01 6.954119555877846803e-02
5.872218942058980984e-01 3.035016992517818313e-01 6.609341886667668975e-02 4.318298767564332508e-02
5.499541764163746738e-01 2.943213422428728188e-01 5.942294287319521695e-02 9.630153846755740155e-02
1.938165838665269480e-01 1.441034548071830068e-01 5.707017523927214731e-01 9.137820893356862761e-02
3.434511689768285914e-01 1.956044568338816125e-02 5.294203324390817089e-01 1.075680529007014830e-01
3.952585994996099528e-01 5.271300184005427436e-01 3.999553190170357375e-02 3.761585019814372988e-02
3.523334804597616499e-01 3.406150632167157521e-01 1.531169922517919835e-01 1.539344640717306145e-01
2.015073425224822301e-01 3.565610617146888761e-01 2.734775606917057011e-01 1.684540350711232204e-01
4.113045158539841428e-01 2.676385631810194177e-01 2.163837297435212415e-01 1.046731912214752258e-01
4.980621907931395143e-01 3.165629078768056326e-01 6.954391002281257173e-02 1.158309913072422814e-01
9.012263645761936504e-03 4.682286224111506523e-01 4.377501826772304261e-01 8.500893126585695736e-02
7.499096497801704952e-02 4.867428979963623892e-01 3.998711484612899048e-01 3.839498856433065654e-02
2.868200828104650046e-01 1.198636520000515571e-01 5.132065327425019419e-01 8.010973244698149642e-02
4.036048371398877066e-01 2.720139042337804125e-01 2.329090095925168136e-01 9.147224903381512284e-02
3.935773483224407343e-01 1.286464154859067177e-01 4.083724996724735767e-01 6.940373651917897124e-02
6.918252851021680083e-01 1.342610005010561602e-01 6.492245053724848836e-02 1.089912638595273986e-01
2.385772285179401930e-01 1.389090459879133710e-01 6.146110627739822529e-01 7.902662720164155274e-03
5.953822640784999232e-01 3.631540115973189708e-01 1.911177076823789012e-02 2.235195355594321587e-02
3.847671888224086234e-01 5.321642909987984726e-01 6.179928814020241301e-02 2.126923203859043543e-02
3.805997067183103377e-01 3.402048910973893836e-01 1.878231109598964554e-01 9.137229122440382323e-02
2.355680499427199592e-01 3.998186037297112305e-01 3.008790310995947959e-01 6.373431522797401438e-02
3.108247360631448686e-01 3.947012893949701229e-01 2.329854036744531676e-01 6.148857086743175770e-02
2.830055064967836875e-01 1.347536431848178340e-01 4.622518436169675837e-01 1.199890067014308670e-01
3.429916150873013048e-01 9.155143574211899171e-02 5.363303011727728054e-01 2.912664799780695368e-02
4.267333521842620048e-02 5.618406632396795164e-01 2.779633357061205290e-01 1.175226658357737541e-01
1.281941442391896224e-01 1.653007250118303517e-01 6.220474700835221249e-01 8.445766066545790096e-02
1.147500867513763234e-01 6.554735145618075798e-01 1.724108561996665345e-01 5.736554248714953452e-02
2.445907011941303721e-01 6.753710251597732084e-01 4.444247718348137699e-02 3.559579646261501473e-02
2.711012093414495450e-01 5.929577839628177305e-01 6.254983001766260819e-02 7.339117667807015799e-02
5.278717624603461722e-01 1.268712826663628557e-01 2.282767913699956797e-01 1.169801635032953202e-01
4.545028691275151966e-01 2.736414572446571047e-01 1.208149570111205495e-01 1.510407166167071491e-01
2.779550719705630168e-01 1.882677478681999694e-01 3.615130916397746308e-01 1.722640885214623552e-01
1.808547949462532833e-01 1.051226954628103893e-01 5.567381813798569778e-01 1.572843282110794050e-01
1.502344741295249253e-01 5.089227809621142962e-01 2.129853675292252557e-01 1.278573773791354951e-01
6.869859278963001692e-02 6.001626438450627932e-01 1.848234484722686144e-01 1.463153148930386172e-01
1.059460871246870051e-02 7.604402249477277831e-01 1.479168033015730854e-01 8.104836303823048649e-02
1.132305666485494688e-01 6.910635405953217125e-01 8.583526918549744256e-02 1.098706235706313761e-01
7.481553512184989652e-01 8.067796668443072416e-02 8.682781567880859530e-02 8.433886641826171537e-02
2.493204657077870423e-01 5.737703459938443551e-01 1.097087049793726843e-01 6.720048331899597382e-02
3.111962836944853761e-02 5.279645602984849306e-01 4.312293269450588329e-01 9.686484387007698871e-03
5.979838458756721042e-01 8.483966475704274313e-02 3.065255023879746576e-01 1.065098697931055050e-02
1.776742095487896245e-01 6.982494892980908308e-01 8.259828893378612369e-02 4.147801221933344884e-02
7.836014427035604690e-01 1.203846324852660965e-01 6.865877537739750736e-02 2.735514943377592711e-02
8.840821035860049193e-01 7.537917369045976645e-02 3.522370221640147570e-03 3.701635250189516668e-02
5.120190132441038156e-02 9.034255157696078342e-01 2.828600184155816155e-03 4.254398272182591256e-02
8.660142051105153282e-02 7.739557124800480192e-01 6.772540450266001377e-02 7.171746250624044805e-02
1.245562452648096841e-02 7.497925519616049916e-01 1.269821787982966521e-01 1.107696447136173878e-01
1.737343704147262802e-01 1.236280674851490957e-01 6.136893106520433516e-01 8.894825144808127249e-02
5.540538766953624350e-01 2.649014228539632310e-01 8.476285614811696068e-02 9.628184430255737336e-02
4.799189538613995443e-01 1.036972088490062394e-02 4.485956291673625640e-01 6.111569608633726780e-02
3.489800028370569351e-01 2.138309425713136314e-03 6.023327884325481163e-01 4.654889930468186776e-02
2.257365315579057952e-01 6.729851013618330935e-01 2.256241522990615200e-03 9.902212555727041288e-02
1.170538572688666901e-01 7.340137826808188493e-01 8.600189022111570658e-03 1.403321710282029455e-01
1.232304005220824505e-02 8.269467954336429116e-01 8.715152243249862929e-02 7.357864208165021402e-02
1.840036200242683995e-02 8.123233389024370199e-02 8.921071460873232217e-01 8.260158020006236335e-03
5.005936334655458619e-03 8.136905803822391814e-01 9.338804956890855991e-02 8.791543371419674457e-02
4.527650358021728660e-02 7.525838360586056819e-01 4.244644319653286674e-02 1.596932171646441301e-01
4.889124865319748325e-01 6.343180416238364261e-02 2.918360889438144645e-01 1.558196203618269493e-01
3.330589198531810347e-01 5.232032810262854383e-01 9.907174195878376555e-02 4.466605716174976148e-02
2.881537614416957993e-01 1.189878754588452880e-01 4.732665912127136387e-01 1.195917718867453017e-01
3.070621527125563244e-01 6.931474056639047587e-02 5.273160304782575913e-01 9.630707624279555290e-02
2.041991205238631313e-01 6.870722023069727458e-01 7.030546382786435899e-02 3.842321334129972232e-02
7.531117448725115349e-01 1.919358341508741184e-01 4.327447417581753442e-02 1.167794680079681235e-02
5.958990206474260032e-02 7.628086617780862611e-01 1.689691630974778924e-01 8.632273059693273964e-03
6.080478712277912479e-01 2.029778878160284350e-01 1.320235645413478931e-01 5.695067641483242404e-02
1.672104409561456784e-01 2.523901849807969056e-01 5.506571220030389568e-01 2.974225206001845923e-02
4.710387229613497984e-01 1.603723921003394892e-01 3.514682327963244979e-01 1.712065214198621454e-02
4.102118797615854628e-01 4.000330473457179292e-01 1.018947076306471189e-01 8.786036526204954455e-02
2.730701132890255289e-01 1.888924741481974312e-01 5.277677425741466033e-01 1.026966998863043656e-02
5.496960227980715041e-01 1.869798732359828630e-01 2.033760562334103739e-01 5.994804773253525898e-02
7.167780154020690908e-01 1.929076828614776917e-01 5.226159563611998404e-03 8.508814217284110804e-02
1.888645616390495496e-02 7.668160153180753058e-01 1.434898222012376268e-01 7.080770631678212634e-02
8.101052424983897771e-01 8.699537137107735130e-02 1.372117789464688542e-02 8.917820823588595847e-02
6.656993396852065592e-01 4.898816740670836056e-02 1.010309713374346052e-01 1.842815215706503640e-01
1.714547088777904627e-01 1.594639471986797341e-02 6.425936293285892109e-01 1.700052670737524085e-01
5.241984098350116472e-01 2.863100712116815050e-01 7.835650552241735234e-02 1.111350134308894955e-01
2.037407849228794476e-01 2.137555868043002905e-01 4.916861888424172156e-01 9.081743943040310185e-02
3.733410359435173076e-01 2.796727565509978808e-01 2.708497541628730465e-01 7.613645334261176512e-02
2.837272142158451249e-01 4.455698704870160731e-01 1.725364952722105993e-01 9.816642002492814711e-02
1.456624262704027950e-01 2.379976352198280298e-01 4.038679439482237843e-01 2.124719945615454186e-01
3.115200323525575410e-01 5.841837987320966930e-01 1.068171654067154308e-02 9.361445237467425073e-02
2.885107830876632029e-02 6.619128358000752055e-01 2.381577595835188133e-01 7.107832630763966097e-02
5.948063642771652670e-01 1.369956487684779178e-01 1.122816446465286500e-01 1.559163423078281374e-01
2.386399596208905738e-01 6.159927768621533684e-01 6.000936182057403645e-02 8.535790169638202141e-02
6.823990855274486567e-02 3.089567380682834430e-01 5.146606107257247764e-01 1.081427426532468594e-01
4.147485520005964599e-01 3.152163095576996921e-01 2.588852055429812227e-01 1.114993289872268090e-02
1.353033884648547347e-01 4.635891727997512035e-01 3.924751656757006213e-01 8.632273059693496009e-03
5.076982699334285920e-01 3.694957943281910323e-02 4.377434148987992546e-01 1.760873573495302935e-02
6.191024197768485449e-02 5.326464944570178384e-01 3.875319303801193493e-01 1.791133318517801332e-02
2.033811272773364820e-01 2.149785507950867092e-01 4.957365720741231940e-01 8.590374985345361480e-02
5.855308883758293392e-01 1.717089478667906399e-01 1.611203192774623982e-01 8.163984447991756710e-02
3.267668143287911775e-01 4.870786498465433656e-01 1.429637906558927085e-01 4.319074516877274839e-02
4.670960547468827606e-01 4.451731060157926856e-01 2.402380263020742479e-02 6.370703660711718452e-02
4.613144004119518748e-01 4.227052068139411922e-01 6.525439894274284724e-02 5.072599383136411344e-02
4.290583864187854646e-01 1.138705766481103998e-01 3.815894040659783548e-01 7.548163286712572528e-02
1.627197788373899723e-01 2.675307816816375195e-01 4.547222920200259533e-01 1.150271474609465550e-01
4.840088911590352261e-01 3.672999858101696491e-01 5.300473511767722634e-02 9.568638791311789848e-02
4.308560128105065612e-01 9.144336902977140413e-02 4.648323148609778688e-01 1.286830329874422141e-02
2.858967633885467485e-02 4.315145839413921935e-01 4.985076733852648601e-01 4.138806633448832706e-02
2.788633232451497301e-01 1.926578080581970165e-01 3.466915627873873307e-01 1.817873059092659505e-01
2.293978388199277019e-01 2.275737711334092639e-01 3.622015222877359442e-01 1.808268677589270901e-01
4.466549408234778418e-01 1.491653754712973234e-01 2.916192181267570072e-01 1.125604655784677721e-01
5.022861198249771730e-01 3.065889462814770927e-01 6.032116097513604003e-02 1.308037729184096110e-01
9.180848156327942045e-02 4.902220551011275962e-01 2.528290269266044721e-01 1.651404364089885668e-01
4.995607353888836810e-02 2.590365970728221168e-01 5.967275967703160600e-01 9.427973261797339966e-02
7.727968132996088091e-02 1.104402863587984895e-01 6.690786232493910468e-01 1.432014090618496382e-01
4.461200063642417057e-01 2.350317954942873488e-01 1.617403603333296136e-01 1.571078378081413041e-01
3.838696485142848447e-01 4.871963635013645821e-01 5.061577813903117562e-02 7.831820984531934204e-02
3.219572922265225290e-01 3.598220038683176414e-01 2.875711451919116257e-01 3.064955871324825942e-02
4.712744693505246385e-01 2.539455001799943989e-01 2.639937137005013423e-01 1.078631676897967573e-02
2.801253394835938049e-01 1.132981917295604601e-01 5.876179983918559113e-01 1.895847039498987918e-02
3.528789700935841545e-02 6.860458822329956741e-01 2.679121744635838409e-01 1.075404629406206958e-02
4.908895743455671257e-02 1.907352065150223486e-01 7.113699123416969972e-01 4.880592370872394170e-02
1.117956118809688981e-01 7.265092484857457178e-01 1.211739181550459676e-01 4.052122147823944420e-02
7.518193280231499909e-01 1.288539862731141739e-02 2.202238306152093372e-01 1.507144273432925452e-02
1.832178747483316217e-01 6.759296775814059854e-01 5.850892410738411931e-02 8.234352356287821806e-02
4.239905879394434418e-02 3.149813791927630335e-01 4.742467807691296833e-01 1.683727812441628835e-01
1.673774751941438099e-01 4.364664670772319677e-01 3.294614157328288329e-01 6.669464199579544506e-02
3.115927544804959481e-01 2.397234599316744319e-01 3.899105809851203253e-01 5.877320460270929470e-02
3.023918874906320609e-01 4.212863594766321773e-01 1.922920099240482128e-01 8.402974310868760455e-02
7.227106207977695984e-02 6.088919502375158554e-01 1.830024568168356347e-01 1.358345308658714945e-01
6.760382748596657221e-01 1.935179532498524368e-01 5.032983457769935054e-02 8.011393731278249053e-02
1.404093100546410788e-01 6.574092195509234626e-01 5.703174991847381747e-02 1.451497204759616411e-01
8.048062623938325721e-01 6.996347345060893730e-02 3.398778477265329556e-02 9.124247938290519500e-02
6.883322870876196209e-02 7.693629058331246107e-01 4.152813396627849651e-02 1.202757314918349030e-01
1.283353444352453854e-01 6.677691760499803175e-01 1.036273728961861068e-01 1.002681066185882042e-01
1.530999627085010140e-01 5.708203484151463947e-01 1.465929054764758543e-01 1.294867833998767370e-01
4.897555784992299599e-01 3.349805580165899910e-01 3.083825045268134835e-02 1.444256130314987008e-01
3.919795906179764367e-01 4.010649853762577877e-01 9.955440722668798537e-02 1.074010167790778736e-01
3.702432655966203523e-02 3.520725150622365796e-01 5.412954844640169849e-01 6.960767391408440030e-02
2.465741685794087257e-02 6.843602218198227005e-01 2.315751816073286784e-01 5.940717971490772076e-02
2.636957166190156965e-02 9.540384480115351451e-01 8.662298456916517342e-03 1.092968186964671240e-02
8.337763215989753007e-01 1.058607774580631600e-01 1.172818403864495096e-02 4.863471690431664385e-02
7.711575334649480862e-01 1.906560104193422145e-02 2.030274967382301732e-01 6.749368754887519195e-03
3.782680724314646525e-03 3.131490427025052647e-01 6.682181157731440502e-01 1.485016080003598304e-02
5.846535477866579011e-01 3.050713658186457455e-02 3.738165930101521872e-01 1.102272262132530933e-02
4.769900669364162127e-01 4.761914310180174748e-01 1.817989447505163891e-02 2.863860757051461814e-02
3.132245616565620394e-01 6.166324575516277662e-01 1.483743818366911604e-03 6.865923697344322729e-02
2.130254121152263813e-01 1.138460616948615001e-01 5.643639291866497931e-01 1.087645970032623532e-01
2.458990701416674529e-02 7.033531726977073628e-01 2.155390234195366794e-01 5.651789686858921247e-02
8.717128412515076086e-01 4.030327726154103729e-02 8.220253286581391539e-02 5.781348621137438748e-03
8.877728250604584037e-01 2.523015599636141415e-02 5.453815903871661597e-02 3.245885990446351066e-02
5.651656141428879065e-02 1.392109108093586567e-02 8.728407678096796740e-01 5.672157969509572517e-02
7.920666155188216262e-01 5.242651965490678634e-02 2.890361010247755047e-02 1.266032547237940786e-01
7.792734794867270387e-02 2.468577562980135420e-01 5.856820027317977129e-01 8.953289302151601348e-02
4.896363821693315854e-01 3.808384409612931010e-01 5.027386236348629911e-02 7.925131450588895898e-02
1.425638341731014780e-01 3.247272202974648136e-01 4.032408836043218092e-01 1.294680619251118436e-01
1.656543085594892051e-01 5.557820405492374105e-01 1.554794056304205918e-01 1.230842452608528204e-01
1.912707202265796491e-01 1.063005858128743819e-01 5.841669632138564161e-01 1.182617307466895529e-01
7.990555905870772024e-02 5.934566345494901585e-01 2.032584416207308120e-01 1.233793647710712538e-01
3.248666544193468120e-02 7.625514398733694854e-01 3.426182178928871558e-03 2.015357125057669618e-01
8.388370069594779377e-01 1.190715269902416079e-01 2.662951546820913062e-02 1.546195058207133766e-02
7.772180225532361320e-01 1.328510733702631397e-01 5.205175846136256279e-02 3.787914561513816558e-02
6.470538921972313062e-01 1.662285109845140774e-01 1.599303880235029007e-01 2.678720879475171568e-02
3.533068394981316862e-01 3.863003073490743344e-01 2.499489393422236472e-01 1.044391381057030443e-02
2.388173277691119090e-01 3.096677800592572694e-01 4.410709783610604062e-01 1.044391381057030443e-02
2.842538710119694723e-01 5.637173265858618221e-01 1.339849891131789095e-01 1.804381328898985171e-02
6.457086285058891706e-01 3.482883686590915184e-02 3.084251647698338927e-01 1.103736985836767381e-02
2.479999554647929205e-01 5.602603779128811912e-02 6.857305702907704470e-01 1.024343645314851337e-02
6.814833024080169110e-01 1.012539411747891416e-01 1.564201248906350872e-01 6.084263152655888796e-02
2.180609354111597842e-01 6.186707087806088134e-01 7.947551937649585674e-02 8.379283643173551788e-02
6.319469184030811482e-01 3.215691700405842735e-01 3.216662239697581915e-02 1.431728915935881474e-02
5.620272355163008493e-01 2.899154717148911264e-01 7.304795746155900993e-02 7.500933530724895881e-02
2.980480912961954165e-01 2.256142818846901266e-01 4.114379809002403077e-01 6.489964591887409373e-02
2.336071424707251154e-01 3.630728871222251852e-01 2.887807705524986224e-01 1.145391998545510770e-01
3.396509617848173512e-01 2.572727202225271737e-01 3.181566258860568652e-01 8.491969210659866540e-02
3.068491624484976921e-01 5.234741456528259063e-01 4.703472716299650358e-02 1.226419647356798981e-01
3.329958385547047706e-01 5.837013676828021191e-01 7.417234943922712542e-02 9.130444323265929363e-03
2.435652202579291215e-01 1.274272784316094476e-01 5.037867140939247257e-01 1.252207872165367331e-01
1.614458682502637465e-01 6.281672668045332752e-01 5.673497415438377711e-02 1.536518907908192011e-01
5.451256323064583853e-01 3.657382551355398137e-02 2.698086492737329367e-01 1.484918929062547521e-01
3.315702074821763601e-01 5.273264314521697305e-01 1.526869702513820870e-02 1.258346640405156869e-01
4.971357812460530656e-01 4.785772115470110499e-02 4.083113605181278860e-01 4.669513708111794337e-02
4.786947127957336678e-01 2.482350507054398303e-02 3.488026021113955766e-01 1.476791800223268281e-01
2.489661848956269685e-01 2.279922894749497608e-01 4.472857191723451087e-01 7.575580645707824523e-02
3.161305007258301547e-01 3.055227692873420109e-01 2.266826965669459515e-01 1.516640334198818829e-01
3.425611301542537679e-01 3.586141201649879484e-01 1.977811144273208810e-01 1.010436352534374027e-01
2.791195834116813046e-01 5.337781277334421315e-01 1.781748251279444140e-01 8.927463726932094445e-03
4.225167040433274734e-01 3.988529383342258039e-01 1.342524161814293571e-01 4.437794144101736560e-02
4.133019308555261340e-01 7.265497852192343009e-02 5.049621814830359545e-01 9.080909139514536932e-03
3.836199715329031701e-01 6.449714349077706466e-03 5.924653605481030594e-01 1.746495356991606407e-02
2.825343256933091629e-01 6.157053527410207838e-01 9.151688511252134561e-02 1.024343645314873541e-02
1.474023797062636865e-01 6.145921734715744655e-01 1.915924867039492663e-01 4.641296011821260947e-02
5.846080833880760164e-01 2.843736535795707843e-01 9.234753885828486664e-02 3.867072417406836049e-02
3.221278257293567759e-01 5.390046628183028377e-01 3.728320045327088161e-02 1.015843109990695048e-01
2.468572884446140758e-02 4.195683418314604118e-01 4.704522798195934219e-01 8.529364950448470317e-02
3.046239569866342478e-01 4.735777224051530565e-01 1.365785924022078768e-01 8.521972820600476339e-02
7.046603284470719097e-02 3.316128391189293589e-01 3.137368047017777828e-01 2.841843233345856534e-01
3.813854923586964540e-01 1.988030225693684372e-01 3.741469708001315952e-01 4.566451427180351352e-02
4.350655615194356507e-01 2.978812570702160656e-01 1.498926456899051241e-01 1.171605357204431597e-01
3.460129809720858263e-01 4.515060976524765124e-03 5.496412847586541472e-01 9.983067329273520585e-02
2.029938285406687748e-01 5.381071149428745537e-01 1.178138532016571038e-01 1.410852033147995677e-01
8.219516719996888821e-02 6.332937623022206752e-01 1.837492765317609023e-01 1.007617939660495621e-01
2.043652890012247481e-01 5.438569605840515298e-01 5.162223792162101699e-02 2.001555124931027052e-01
2.722721744352116779e-01 4.828330110128413732e-01 7.830595028838177596e-02 1.665888642635651173e-01
7.076157430463680953e-02 2.167870115000468667e-01 6.157804360723558856e-01 9.667097812296043813e-02
1.761093796933060895e-01 4.066957077147599908e-01 2.758758733034900046e-01 1.413190392884438040e-01
3.622112519968768152e-01 6.531426437724396905e-02 3.111759946573063318e-01 2.612984889685728840e-01
1.670573592167178267e-01 3.218022262409183654e-01 3.871149461927438917e-01 1.240254683496199162e-01
1.937288453057799398e-01 4.032687951775294488e-01 3.718417124064180013e-01 3.116064711027255463e-02
1.768324331415794815e-01 8.834293557296532540e-02 6.991302901411806658e-01 3.569434114427449956e-02
8.184598668231632956e-01 3.517763135656087892e-02 1.394073164932155273e-01 6.955185327060409151e-03
7.088048424359872923e-01 1.190749905325705349e-01 1.635873342959738852e-01 8.532832735468343088e-03
6.062607895021754345e-01 2.068750721581493757e-01 1.759983335809622296e-01 1.086580475871290474e-02
3.250171588129891487e-01 1.434347753445378015e-01 5.230513972063493000e-01 8.496668636123749785e-03
1.286176933016977553e-01 4.289537304896371972e-01 4.356483848704931217e-01 6.780191338171981386e-03
3.319954441856740601e-01 4.864936586055255696e-01 1.275967258930869042e-01 5.391417131571352162e-02
1.989916070495636458e-01 6.350573416633334967e-01 1.240417567497052592e-01 4.190929453739755672e-02
1.426137367677281498e-01 1.367150981174009017e-01 7.121863894408180240e-01 8.484775674052924543e-03
1.370556898178815208e-02 8.118414344094919688e-01 1.023306075941291526e-01 7.212238901459067097e-02
4.255534049466870583e-02 6.239876662487331416e-02 8.719034126488799386e-01 2.314248023157805534e-02
1.028786968441303684e-01 2.575507538769949978e-03 7.991265667848493903e-01 9.541922883225029128e-02
7.482628632433447891e-01 1.147159483473627062e-01 6.661520418052033210e-02 7.040598422877208939e-02
5.551819217463033196e-01 1.877996370369943158e-01 1.803838680028995722e-01 7.663457321380273690e-02
5.918398210029418571e-02 4.644259387044891163e-01 4.512211272363426118e-01 2.516895195887403069e-02
1.385409356180553608e-01 3.142756135717826305e-01 5.108629757664018278e-01 3.632047504376023639e-02
3.950111203807008531e-01 7.312531927559295930e-02 3.837482347162542995e-01 1.481153256274518881e-01
7.552955265542088403e-02 1.566323200746342348e-01 6.292105781579526713e-01 1.386275491119921544e-01
7.080515167651029174e-01 8.231600235147770728e-02 1.248626221197113306e-01 8.476985876370801698e-02
1.021080781871053222e-02 6.987861393581817904e-02 8.063738251346831420e-01 1.135367531107881467e-01
5.593282208876196315e-02 7.540794471900480467e-02 8.024372563524517776e-01 6.622197683978148230e-02
1.166024971532730881e-03 4.775442012224212496e-02 9.010739440205914885e-01 5.000561088563371115e-02
7.768622862105704074e-01 1.963745295188779050e-03 8.788638092165104720e-02 1.332875875725898496e-01
