1513 1367 756 3657
1512 1511 741 4410
1511 1159 1510 4220
1506 1159 1498 5009
1498 1514 728 4401
1514 1507 1322 4401
755 1507 1496 4910
1492 1366 4114 4129
1482 1355 723 4129
754 1355 1509 3596
1370 1501 4006 4552
717 4006 1497 5210
1330 1472 1459 5210
744 1459 1460 4414
1339 1460 1438 4236
725 1438 1480 5098
1480 1295 1384 3656
1295 1505 1436 4513
1465 1372 735 3864
1239 1347 1372 5124
762 761 736 4396
761 1231 760 3751
757 1231 1517 4627
1190 1191 1192 5162
1445 3916 1191 4580
1445 1108 3541 3747
1108 1109 4220 4811
1288 4811 5099 3629
1286 4041 1285 4910
1158 1285 3594 4910
1157 1492 1158 4776
1157 4649 1390 4872
1390 3884 1137 4872
1137 1136 1135 4933
1497 1135 1133 5090
1131 1132 1133 3588
1096 3831 1435 4680
1086 3502 1100 5113
1291 1087 1292 5098
1294 1292 1293 4124
1294 1296 1297 3736
1405 1075 1297 4470
1075 766 764 4252
765 763 764 3771
4981 763 1118 1407
1230 1229 3703 4627
1190 4066 1057 4902
1052 4902 987 5053
951 985 986 5053
985 946 1378 4811
1287 1378 944 3701
1042 1287 942 4041
940 1284 1042 4665
939 3904 1098 4665
1097 1458 1099 5057
1458 1255 1490 4559
1255 1254 1136 4294
1134 3770 1406 4752
1131 1130 1096 4752
1095 1088 1096 4391
1085 1086 1088 5113
1087 1086 1084 4467
1087 1298 1293 3547
910 1296 1353 4517
768 1405 910 4669
768 767 766 5033
765 767 960 5033
1229 1407 1226 4981
1227 740 1229 4628
1143 1057 1210 4030
1142 4625 987 4902
951 1360 947 3967
946 947 945 5107
944 945 943 5107
942 943 941 3860
940 941 917 3954
939 916 3904 3954
1430 1458 1097 5057
1255 4071 1458 914
1323 1254 1255 4294
1466 1406 915 3770
1130 1466 1449 4023
1420 1095 1449 3941
1085 1420 1082 5028
1083 1084 1082 3874
1298 1083 1340 4302
1352 1353 1340 4691
768 910 770 3686
769 767 768 4158
960 1280 3435 4158
1225 1226 1224 4204
1228 1227 1225 3339
1454 1143 1531 4925
1454 1425 1142 4030
1425 949 1360 4625
947 948 3603 3841
1426 943 945 4821
941 1025 3410 3860
917 1299 876 5215
916 876 874 3978
1430 874 875 3844
875 3512 878 4071
1323 878 880 4179
915 880 882 5104
907 1466 882 4023
1259 1449 907 3941
5028 4395 1080 3643
1241 1083 1081 5088
856 1241 4011 5088
772 1352 856 4969
771 770 772 4237
769 771 932 3707
932 1223 1280 3707
1223 1186 1224 4115
1185 729 1532 4658
1054 1256 1165 3748
1053 988 952 4584
952 953 950 3440
950 1027 1303 5022
1375 1434 1303 3843
1434 1290 1433 3843
1432 1433 1289 4801
1432 851 865 4826
866 5003 4826 852
1331 938 877 4193
879 1348 881 4342
934 906 881 3824
1448 906 935 3977
1448 970 1078 4918
1079 1078 1077 4993
1120 1079 1464 3806
1394 1120 1402 4690
1394 776 774 4011
775 3781 773 4595
884 1260 1364 4757
1260 1070 1233 4221
1185 1111 1110 5138
1185 1539 1334 3687
1165 1164 1054 3516
988 1054 1127 3903
988 1361 953 4522
4083 1452 1439 1027
1375 1452 1453 4804
839 1290 1453 3979
839 834 1289 4917
835 851 3745 4826
1093 1331 852 5003
1484 938 1331 4865
1462 1348 938 4865
1429 934 1348 5194
969 935 967 3977
969 1059 970 3727
1240 1077 1059 4449
1464 1240 813 4449
813 778 1402 4690
776 777 4595 4833
884 775 1412 3781
884 1236 1260 4221
1068 1070 1260 4221
1188 1110 1069 4230
1539 1188 1569 4970
1551 1247 1164 4448
1247 1248 1127 4549
1361 1149 4522 4765
1439 1150 1452 3887
1452 1154 1453 4804
839 1453 1417 3708
839 828 834 5168
1421 835 817 4339
4339 1093 1422 1421
1422 1276 1484 3789
1274 1462 1276 3920
1429 1274 1063 5194
967 1063 1062 5061
969 1428 3727 4417
1240 1059 1485 4432
1240 1431 813 3368
780 779 778 3851
779 1411 777 4833
1411 1235 1412 4035
1235 1058 1236 4927
1058 1051 1068 3942
1051 1441 1069 5109
1188 1550 1569 4970
1249 1247 1551 3529
1248 1049 1031 4765
1031 1032 4765 4878
1150 1032 1151 4197
1151 1494 4663 5187
1494 838 1417 4663
816 838 1391 4608
816 815 817 3726
815 3312 968 4339
1422 1478 3488 4565
1275 1273 4657 4861
1273 1356 1119 4002
1258 1119 3820 4417
1329 1258 3820 4417
1265 1076 1329 5141
782 3767 1076 4722
781 782 783 4585
858 781 1470 4127
1479 858 1232 4127
1234 1128 1022 4335
1050 1024 1023 4676
1189 1050 1112 4312
720 1189 1543 4312
1447 1541 1533 4274
995 1447 1044 3505
963 964 995 4445
1324 929 3946 4878
1325 1033 1326 3729
1495 1477 1326 4940
1089 814 1391 4049
814 809 810 4535
802 1423 810 3677
800 1277 1423 3938
798 803 1277 4861
795 1356 803 4528
793 1243 1356 5077
791 908 5077 5236
786 1265 789 3858
784 786 785 4722
966 3775 783 4323
1470 3775 1508 4696
1128 1232 1129 4696
1128 1021 1022 3939
1022 1020 1023 3939
1112 1555 3543 4676
1543 1311 1310 5207
1218 1533 1217 5055
1218 1528 1044 5055
963 928 929 4445
929 913 1033 3946
1033 1327 1326 4688
1326 1328 1495 4688
1089 1495 1483 4175
1089 1351 809 4973
804 801 802 5234
801 799 800 5234
796 798 799 4790
794 795 796 4406
793 794 792 3819
790 4384 791 5077
786 789 788 5214
785 786 787 5214
966 785 1349 4323
1350 1502 1508 3693
1418 1129 1502 4841
1418 1018 1021 4841
1019 1020 1018 4571
1314 1313 1019 4153
1311 1312 751 5207
1216 1218 1217 3911
954 1528 1529 3549
912 928 954 4531
913 912 911 3536
1327 911 1392 4915
1328 1392 983 3891
1483 983 1377 4175
1351 4683 1377 807
805 804 807 3554
801 1320 799 4805
937 4493 1446 4790
794 1446 797 4406
797 1369 3819 4185
790 1369 1473 4185
806 788 1473 4707
787 806 818 3881
1349 818 1379 4594
1350 1379 1359 4594
1487 1502 1359 5247
1017 4091 4040 5247
1019 1016 1556 3740
1522 1314 1556 3740
4462 4153 1312 1315
1194 1215 1193 5100
1145 1403 1194 3757
1415 1403 4333 4934
885 1415 1396 4000
846 867 3893 4189
859 840 846 4837
811 833 820 3906
808 811 812 4407
1413 1074 808 4407
1321 1074 1450 4782
1257 1321 1125 3533
1257 1122 1416 4493
1237 1416 1121 5073
5073 1238 4619 1123
4884 909 1491 1471
830 819 3952 4921
829 4259 836 4695
1357 1358 843 4695
1419 1358 1468 4138
1014 1419 1013 3871
1014 1011 1015 4642
1362 1522 1015 4642
1522 1342 3492 4119
1193 1195 1146 5075
996 1144 1145 4333
1144 933 1396 4333
1396 886 870 4161
859 870 883 4161
1368 840 859 3644
840 1319 820 3906
820 821 812 3633
1413 822 4352 4407
1450 1246 1244 4782
1244 1124 1125 4425
1041 3778 1122 4425
1040 1121 3778 4619
1123 1475 1491 4619
909 1491 1346 4763
1345 830 909 3952
837 836 830 4259
836 844 1357 3674
1365 1468 1272 3361
1365 1009 1013 4050
1011 1009 1010 3476
1362 1010 1282 4922
1524 1282 1565 5096
1146 1195 1424 3663
1414 996 5075 5175
933 961 904 4864
886 904 887 4864
1012 883 887 4413
1126 1368 1012 3685
1319 1126 1302 4554
821 1302 823 5034
823 824 822 4352
1244 1246 905 4352
1244 1245 1124 3670
1041 1398 3397 4425
1040 1038 1039 3965
1039 1102 1475 3531
1102 1467 1346 4763
847 1345 1467 5026
837 847 845 5026
845 1271 844 3849
1271 1463 1272 4694
4694 1008 1365 4050
1009 1007 1010 3981
1281 1283 1282 4922
1565 1283 1333 3925
1424 1537 1141 4300
1030 1414 1141 5175
1030 1029 961 3974
1376 904 1029 5083
1026 887 1376 4413
1126 1060 1363 3685
1302 1363 827 4437
823 827 825 3774
826 824 825 4498
826 1305 905 4261
1305 4261 1304 4632
1304 3682 1036 4632
1036 1037 1038 4228
1037 1101 1039 3768
1101 1156 4469 4791
3627 3985 1474 5121
845 848 849 5121
1268 849 1266 4388
1268 1269 1455 4388
1005 1455 1004 4780
1005 1003 1006 4780
1006 1250 1252 4045
1261 1536 1252 4471
1183 1184 1139 5148
1138 1139 1332 4003
1138 1456 1140 5083
1457 1242 1140 3976
1242 1427 1147 3936
1148 1147 1437 4502
1148 1338 1397 4502
1399 1397 1337 4491
831 1404 3801 4491
842 832 841 3801
860 842 957 4568
958 957 1034 4792
1103 1316 1035 4869
1316 1486 1481 4791
888 1476 1481 3616
1476 857 853 3786
854 850 853 3786
850 855 1266 5217
1267 1269 1266 3741
1001 1004 1410 3653
1003 1001 1002 4267
1251 1250 1002 4329
1251 1262 1261 3716
1279 1184 1534 5157
1184 1278 1332 4003
1456 1332 959 4390
1389 1457 956 4711
1389 936 1427 4711
1437 936 1400 4262
1028 1338 1400 5153
1336 1337 1028 5153
1404 864 3801 4089
863 842 841 3845
957 842 1383 4568
1104 1034 957 4568
1103 3655 1489 4253
1335 1486 1488 4724
1335 862 888 4724
862 861 857 4822
854 861 1440 4405
1270 855 1440 3725
1270 1386 1267 5040
1001 1410 1000 3653
1002 1001 998 4267
1381 1251 1002 5244
1262 1263 4620 5244
1163 1279 1545 4285
1253 1278 1163 4912
959 1253 930 3928
930 899 956 4956
936 1389 897 3681
936 895 1400 4262
893 3649 1028 4262
1336 891 872 5046
871 864 872 4729
863 871 873 4089
1401 1383 873 3995
1401 1493 1104 4351
1493 1264 1489 4351
918 1488 1264 3590
1335 869 862 4971
868 3802 861 4822
1440 1317 1444 4405
1270 1444 1071 3961
1386 1071 1385 3749
1385 981 1000 4622
981 997 998 4072
1381 997 1160 5244
1160 1544 1263 4022
1212 1162 1545 4783
1061 1301 1253 4962
1301 931 903 3436
920 898 903 5102
898 1442 896 4980
894 896 1451 4393
894 892 3963 4393
892 1382 890 4662
922 889 890 3615
1373 889 3615 4729
1380 3995 3913 4636
1043 3409 1499 4370
1043 925 919 4591
924 902 919 4591
902 900 3576 4944
926 901 900 4767
4767 971 927 901
971 972 973 4162
974 975 973 5050
978 977 976 5050
980 4644 3651 4785
999 1306 3508 3651
1161 1307 1308 3508
1056 1166 1318 5095
1056 1055 965 5095
962 931 965 4654
920 931 955 5102
984 1152 1442 4887
1451 1152 1469 3850
1388 921 1469 4550
1382 1065 4102 5241
922 989 923 4630
990 1091 923 4630
1105 1155 1091 4979
1500 1155 1503 4370
994 925 1500 4370
993 924 3814 4944
1409 1072 1371 4944
991 926 1072 4265
927 991 1408 4592
992 972 1408 4614
974 3957 1393 5050
976 3957 979 4644
1374 978 982 4644
1064 1306 1374 4111
1187 1307 1306 4416
1117 1318 1526 4081
1113 1055 1117 4813
962 1113 1443 4054
955 3555 1045 4887
984 1046 1152 4887
1152 1153 1469 3850
1461 1388 1469 3866
1065 1067 1066 5241
1309 989 1066 4021
990 1309 1106 4979
4979 1107 1106 1105
1503 1107 1504 3853
1114 994 1504 5154
993 1114 1387 3792
1409 1094 1072 4775
1072 1073 991 4265
991 1092 1408 5169
992 1520 1221 5169
1090 1393 1221 3957
979 1090 1047 3957
1047 3417 1048 982
1064 1048 1116 4111
1116 1525 1187 3668
1117 1526 1170 4081
1168 1169 1113 3606
1169 1222 1443 3971
1222 1172 1045 4810
1519 1046 1172 3972
1153 1519 1213 3474
1213 1179 1461 4883
1179 1178 1067 4883
1066 1178 1219 4021
1219 1177 1309 4021
1107 1106 1175 4317
1504 1107 1176 3853
1199 1114 1504 5072
1564 1200 1538 3734
1094 1538 1204 3591
1073 1204 1173 3591
1174 1092 1173 4545
1520 1174 1220 4545
1167 1221 1220 4126
1090 1167 1115 3636
1048 1047 1207 4195
1206 1182 1181 3711
1182 1208 1525 4823
